19
-12.807116696556292
-73.62922431603627
-86
3.2267047626406224
43.271011755078746
90
-77.08731942570257
-35.199922276500544
19
64.56187243788918
93.33234508850992
-4
70.85741646907567
57.164088444571576
-41
-1.3354849337265335
83.6064677845531
87
-53.128492849838004
-47.77847746424682
8
44.131924137642955
-0.20009703850489302
33
38.442149519267076
-93.86533162537867
67
91.84546216132173
89.28118939359396
-47
17.752696767971827
-66.00228178549122
-77
-29.486768540792795
55.307047798446064
7
76.12696760077895
60.01230847181628
9
-28.17971125999162
10.016950241747338
-91
23.94626914963922
-92.23349333443858
-56
-26.963574996616373
86.62537327709396
13
99.14635272306077
-0.7548689813077942
36
69.93061510847303
-14.030320452356591
18
-33.1235664200467
-92.48260652031477
-67
92.26999062450139
43.34793368004773
66
-34.84499779272325
21.524811248624772
-41
-38.634293708039124
50.936376305229146
59
-66.8088884398696
-83.18195522023709
-12
98.30534338429115
45.522423662833745
-69
-62.77753256964809
17.5381082927625
-70
-99.83699825749217
-13.375769411190504
85
10.70712060588501
56.54319630210912
-61
-50.1096539809321
51.59124991544809
39
-8.223731771332993
77.99452385910601
34
35.90800929537468
-21.05071911533267
-23
-70.77857133117513
4.432658804453922
97
-86.63710874298268
13.344610375957132
44
72.85903056199783
9.955981129124083
-75
